I_21 I_22 missing father mother sex plinkpheno
0 0 0 _2 _2 _2 B
0 2400314 0 0 0 1 -9
0 24017_2 0 0 0 1 -9
0 37048_2 0 0 0 2 -9
0 3701414 0 0 0 1 -9
0 08002_2 0 0 0 1 -9
0 24008_2 0 0 0 2 -9
0 2600614 0 0 0 1 -9
0 2401014 0 0 0 2 -9
0 2601314 0 0 0 2 -9
0 0100214 0 0 0 2 -9
0 1002014 0 0 0 1 -9
0 37057_2 0 0 0 2 -9
0 24011_2 0 0 0 1 -9
0 37011_2 0 0 0 2 -9
0 10004142 0 0 0 2 -9
0 0801714 0 0 0 1 -9
0 2403114 0 0 0 1 -9
0 08003_2 0 0 0 1 -9
0 24015_2 0 0 0 1 -9
0 0103314 0 0 0 1 -9
0 10017_23 0 0 0 1 -9
0 01023_2 0 0 0 2 -9
0 24025_2 0 0 0 1 -9
0 2601114 0 0 0 1 -9
0 10019_2 0 0 0 1 -9
0 2401214 0 0 0 1 -9
0 3700414 0 0 0 1 -9
0 24004_2 0 0 0 1 -9
0 0101314 0 0 0 1 -9
0 01033_2 0 0 0 1 -9
0 01035_2 0 0 0 2 -9
0 26007_2 0 0 0 2 -9
0 37007_2 0 0 0 1 -9
0 01011_2 0 0 0 2 -9
0 2500514 0 0 0 1 -9
0 26013_2 0 0 0 1 -9
0 25005_2 0 0 0 1 -9
0 2402314 0 0 0 1 -9
0 2700114 0 0 0 1 -9
0 06001_2 0 0 0 2 -9
0 0103414 0 0 0 1 -9
0 26001_2 0 0 0 1 -9
0 24027_2 0 0 0 2 -9
0 10020_2 0 0 0 1 -9
0 24024_2 0 0 0 1 -9
0 10017_2 0 0 0 1 -9
0 26009_2 0 0 0 1 -9
0 01036_2 0 0 0 2 -9
0 01002_2 0 0 0 2 -9
0 3700114 0 0 0 1 -9
0 08004_2 0 0 0 1 -9
0 01005_2 0 0 0 1 -9
0 2403414 0 0 0 1 -9
0 3701714 0 0 0 1 -9
0 24032_2 0 0 0 1 -9
0 1001214 0 0 0 1 -9
0 0102314 0 0 0 2 -9
0 2401914 0 0 0 2 -9
0 2600114 0 0 0 1 -9
0 01003_2 0 0 0 2 -9
0 1000114 0 0 0 1 -9
0 1001314 0 0 0 1 -9
0 27003_2 0 0 0 2 -9
0 2400814 0 0 0 1 -9
0 0600214 0 0 0 1 -9
0 2601214 0 0 0 1 -9
0 1501014 0 0 0 1 -9
0 24033_2 0 0 0 2 -9
0 01034_2 0 0 0 1 -9
0 27004_2 0 0 0 1 -9
0 24009_2 0 0 0 1 -9
0 1002214 0 0 0 1 -9
0 06010_2 0 0 0 2 -9
0 25001_2 0 0 0 1 -9
0 37054_2 0 0 0 1 -9
0 25004_2 0 0 0 1 -9
0 01015_2 0 0 0 1 -9
0 0600114 0 0 0 1 -9
0 37001_2 0 0 0 1 -9
0 2400714 0 0 0 1 -9
0 0100514 0 0 0 1 -9
0 24002_2 0 0 0 1 -9
0 2600414 0 0 0 1 -9
0 2403314 0 0 0 2 -9
0 26003_2 0 0 0 1 -9
0 2600514 0 0 0 1 -9
0 2402514 0 0 0 1 -9
0 2400414 0 0 0 1 -9
0 15011_2 0 0 0 2 -9
0 2600714 0 0 0 2 -9
0 25003_2 0 0 0 1 -9
0 2401114 0 0 0 1 -9
0 24006_2 0 0 0 2 -9
0 26010_2 0 0 0 1 -9
0 2700414 0 0 0 1 -9
0 0103014 0 0 0 1 -9
0 10001_2 0 0 0 1 -9
0 24016_2 0 0 0 2 -9
0 2402014 0 0 0 1 -9
0 26014_2 0 0 0 1 -9
0 24003_2 0 0 0 1 -9
0 1001514 0 0 0 1 -9
0 37014_2 0 0 0 1 -9
0 26006_2 0 0 0 1 -9
0 0802014 0 0 0 1 -9
0 2601414 0 0 0 1 -9
0 10003_21 0 0 0 1 -9
0 2403514 0 0 0 1 -9
0 3704814 0 0 0 1 -9
0 0801814 0 0 0 1 -9
0 2401514 0 0 0 1 -9
0 2400514 0 0 0 1 -9
0 10022_2 0 0 0 1 -9
0 0101414 0 0 0 1 -9
0 24023_2 0 0 0 1 -9
0 26004_2 0 0 0 1 -9
0 3701114 0 0 0 1 -9
0 08020_2 0 0 0 1 -9
0 24031_2 0 0 0 1 -9
0 1000414 0 0 0 1 -9
0 24034_2 0 0 0 2 -9
0 01022_2 0 0 0 1 -9
0 0100314 0 0 0 2 -9
0 01030_2 0 0 0 1 -9
0 0101814 0 0 0 1 -9
0 0101114 0 0 0 2 -9
0 0800314 0 0 0 2 -9
0 27001_2 0 0 0 1 -9
0 2401614 0 0 0 2 -9
0 0800414 0 0 0 1 -9
0 01018_2 0 0 0 2 -9
0 2401414 0 0 0 1 -9
0 24020_2 0 0 0 1 -9
0 26011_2 0 0 0 1 -9
0 2401814 0 0 0 1 -9
0 2500414 0 0 0 1 -9
0 0103514 0 0 0 2 -9
0 2500114 0 0 0 1 -9
0 3700714 0 0 0 1 -9
0 24019_2 0 0 0 1 -9
0 08018_2 0 0 0 1 -9
0 0101714 0 0 0 1 -9
0 1000314 0 0 0 1 -9
0 10003_2 0 0 0 1 -9
0 2402414 0 0 0 1 -9
0 1001714 0 0 0 2 -9
0 24010_2 0 0 0 1 -9
0 10015_2 0 0 0 2 -9
0 0601014 0 0 0 1 -9
0 24001_2 0 0 0 1 -9
0 3705414 0 0 0 1 -9
0 2600914 0 0 0 1 -9
0 37004_2 0 0 0 1 -9
0 0103214 0 0 0 1 -9
0 24018_2 0 0 0 1 -9
0 1501114 0 0 0 1 -9
0 01017_2 0 0 0 1 -9
0 10014_2 0 0 0 1 -9
0 24007_2 0 0 0 1 -9
0 37017_2 0 0 0 1 -9
0 0100114 0 0 0 1 -9
0 2402714 0 0 0 1 -9
0 1001914 0 0 0 1 -9
0 2403214 0 0 0 1 -9
0 26008_2 0 0 0 1 -9
0 26012_2 0 0 0 1 -9
0 15010_2 0 0 0 1 -9
0 2601014 0 0 0 1 -9
0 10012_2 0 0 0 1 -9
0 0800214 0 0 0 1 -9
0 26005_2 0 0 0 1 -9
0 10006_2 0 0 0 1 -9
0 06002_2 0 0 0 1 -9
0 2400214 0 0 0 1 -9
0 01013_2 0 0 0 2 -9
0 2400914 0 0 0 1 -9
0 24014_2 0 0 0 1 -9
0 2500314 0 0 0 1 -9
0 0101514 0 0 0 1 -9
0 1001414 0 0 0 1 -9
0 2400114 0 0 0 1 -9
0 2401714 0 0 0 1 -9
0 2700314 0 0 0 2 -9
0 2400614 0 0 0 1 -9
0 10004_2 0 0 0 1 -9
0 24005_2 0 0 0 2 -9
0 2600314 0 0 0 2 -9
0 3705714 0 0 0 1 -9
0 0102214 0 0 0 1 -9
0 24035_2 0 0 0 1 -9
0 24012_2 0 0 0 1 -9
0 2600814 0 0 0 1 -9
0 0103614 0 0 0 1 -9
0 1000614 0 0 0 1 -9
0 08017_2 0 0 0 1 -9
0 10013_2 0 0 0 1 -9
0 01032_2 0 0 0 2 -9
